1
530070000600195000098000060800060003400803001700020006060000280000419005000080079
534678912672195348198342567859761423426853791713924856961537284287419635345286179
2
500003070002100500100090006050006042060000080320400090800040005006008200010700008
594623871682174539173895426759386142468259783327417694835942715246598273918732568
3
007400050900007000000900302000050709050000040102040000804003000000700003030009400
217463859963857124458921372386152749759384641142746538874593216521748963639219487
4
040000790007004000250070004400000007001605400600000003500040032000800900034000060
341526798867394251259871364428913567931657482675248913583749132412835976794162835
5
800000600030608000006004008008060702000000000603010400700800300000902060004000001
872153649531648927496724518148365792725489136693217485764831295315972864289546371